load data successfully ......
feature_importances:
Last_LON_15:	0.635804566997
Last_LAT_15:	0.300770943354
Last_LON_14:	0.0171206069782
Last_LON_12:	0.0084596822418
Last_LAT_14:	0.00756790272916
Last_LAT_13:	0.00580443106719
Last_LON_13:	0.00379976078596
Last_LON_11:	0.00298065928862
Last_LAT_8:	0.00136666890469
Last_LAT_7:	0.00136156341632
Last_LAT_12:	0.00129157739945
Last_LAT_10:	0.00113611462787
Last_LON_10:	0.00112564181662
Last_LAT_5:	0.00107617417577
Last_LAT_9:	0.000918307431328
Last_LAT_11:	0.00091416222967
Last_LAT_6:	0.000862775779108
Last_LAT_4:	0.000730892326362
Last_LAT_1:	0.000721736112966
Last_LON_8:	0.000599584024502
TRJ_Haversine_DISTANCE:	0.000582385881089
Last_LAT_2:	0.000484260370781
Last_LAT_3:	0.000480007298357
Last_LON_3:	0.000473830598957
Last_LON_5:	0.00045278132347
Last_LON_1:	0.000445615620627
Last_LON_2:	0.000377810652557
Last_LON_9:	0.000368582445118
Last_LON_4:	0.000358501271531
Last_LON_7:	0.000297310974848
Last_LON_6:	0.000270825750908
Front_LON_2:	0.000227851276188
TRJ_Euclidean_DISTANCE:	0.000192533787542
Front_LON_1:	0.000191979285106
TAXI_ID:	0.000107422229182
Front_LON_3:	5.17759879587e-05
TRJ_TIME:	4.52722443931e-05
TRJ_SPEED:	4.16092043804e-05
Front_LON_4:	3.03116529824e-05
Front_LAT_3:	1.96038295723e-05
Front_LAT_4:	1.34537556071e-05
HOUROFDAY:	1.29129462727e-05
Front_LAT_2:	1.27726642604e-05
Front_LON_5:	1.04300220594e-05
Front_LAT_1:	9.79035705416e-06
DAYOFWEEK:	9.41108866132e-06
Front_LAT_5:	9.13750856845e-06
IS_AWAY_CENTER:	8.06828538274e-06
Time :	4.53522362477 Hours
