load data successfully ......
feature_importances:
TRJ_Haversine_DISTANCE:	0.269574123476
TRJ_Euclidean_DISTANCE:	0.268216355235
IS_AWAY_CENTER:	0.186099677367
LON_5:	0.104069798271
LON_3:	0.063743326678
LON_1:	0.0420055649962
LAT_5:	0.0209449493561
LON_2:	0.0128941151136
LON_4:	0.00803971034356
LAT_1:	0.00746142274133
LAT_2:	0.00575427984211
LAT_4:	0.00433626008209
LAT_3:	0.00403280478747
TRJ_SPEED:	0.0013138829718
TRJ_TIME:	0.00081416550609
HOUROFDAY:	0.000450874779216
DAYOFWEEK:	0.000248688453126
Time :	0.276858325799 Hours
